1 ; -68.80308319248778 ; -188.13103702515792 ; 200
2 ; -80.66417591091643 ; -189.56778539051177 ; 200
3 ; -53.73173302173311 ; -183.4927939274155 ; 200
4 ; -52.94284015756265 ; -167.4487630886631 ; 200
5 ; -70.06796754787042 ; -178.1728010765981 ; 200
6 ; -44.46637780752987 ; -168.99975370827676 ; 200
7 ; -68.41789107612608 ; -196.40470405760175 ; 200
8 ; -56.47107192367646 ; -184.66004499075697 ; 200
9 ; -75.16679520184903 ; -190.2687652587889 ; 200
10 ; -76.09757083149498 ; -185.8985036886231 ; 200
11 ; -71.60636812451555 ; -186.0925752398558 ; 200
12 ; -72.13866076430278 ; -206.44404432588777 ; 200
13 ; -97.36922207917303 ; -221.57238510416366 ; 200
14 ; -73.88325569418305 ; -212.0661839526959 ; 200
15 ; -105.75663966358175 ; -203.6625587313054 ; 200
16 ; -81.78098560677167 ; -219.17482867348198 ; 200
17 ; -87.89487731173871 ; -209.77842046367184 ; 200
18 ; -82.24750799636482 ; -213.69453565183258 ; 200
19 ; -106.89670765140121 ; -228.90848062201664 ; 200
20 ; -91.16689829454131 ; -222.12619922383234 ; 200
21 ; -89.11637698142533 ; -223.61292353342563 ; 200
22 ; -64.625 ; -219.6189125680474 ; 200
23 ; -104.91470955468185 ; -217.80391252420932 ; 200
24 ; -109.83612077127586 ; -223.86391133913878 ; 200
25 ; -95.5998697651357 ; -220.44216947926827 ; 200
26 ; -118.36659953450219 ; -233.07009358424432 ; 200
27 ; -103.9300532490679 ; -231.83614724219188 ; 200
28 ; -96.53990547504436 ; -224.46220081910676 ; 200
29 ; -132.69424810644938 ; -222.42264908411934 ; 200
30 ; -110.67916919633578 ; -235.09417813213156 ; 200
31 ; -96.63526786465995 ; -234.94701475772476 ; 200
32 ; -115.81152489284659 ; -229.5676040584837 ; 200
33 ; -105.2630675673352 ; -226.67010094612226 ; 200
34 ; -113.88024797652584 ; -231.25158114974644 ; 200
35 ; -97.9332233473539 ; -231.7723937091854 ; 200
36 ; -99.82632301224922 ; -225.34390882000264 ; 200
37 ; -98.42006908426917 ; -234.60354708574494 ; 200
38 ; -122.73178186806777 ; -229.46123815984762 ; 200
39 ; -111.98057445865147 ; -232.68023771719265 ; 200
40 ; -103.66066753378274 ; -227.50882016713692 ; 200
41 ; -116.8957634061023 ; -233.91768488769895 ; 200
42 ; -94.68445633767317 ; -224.21986564963538 ; 200
43 ; -100.8886959571153 ; -229.51660240291997 ; 200
44 ; -129.54742547477758 ; -226.0265276788225 ; 200
45 ; -95.81290718508981 ; -222.29040622070022 ; 200
46 ; -101.26790369467531 ; -218.89998011518327 ; 200
47 ; -127.42741229645773 ; -228.78743554682885 ; 200
48 ; -107.48678156644647 ; -230.56936720466666 ; 200
49 ; -116.1591688328732 ; -232.75927625731688 ; 200
50 ; -117.81577510344539 ; -230.82559101740142 ; 200
51 ; -98.65801436273509 ; -231.21699420933038 ; 200
52 ; -114.83531950466663 ; -230.45207448083565 ; 200
53 ; -105.24161551791053 ; -234.75613994578404 ; 200
54 ; -65.5246044481636 ; -232.16934092147793 ; 200
55 ; -124.55895620021613 ; -236.97538094261498 ; 200
56 ; -122.8412274599098 ; -235.86416896691037 ; 200
57 ; -122.48077913676471 ; -240.90237089376612 ; 200
58 ; -112.34746509069615 ; -231.19106111623216 ; 200
59 ; -108.78389237881527 ; -244.94898228367106 ; 200
60 ; -117.15224332771126 ; -234.85199244293852 ; 200
61 ; -87.54481048129985 ; -231.68097088825823 ; 200
62 ; -103.6200553498926 ; -231.5177511788728 ; 200
63 ; -107.47660596120741 ; -228.75904572373165 ; 200
64 ; -96.85536692143364 ; -228.43277449393025 ; 200
65 ; -113.6 ; -236.03129662766293 ; 200
66 ; -81.86703604848427 ; -229.588955718067 ; 200
67 ; -86.7467909788209 ; -231.20436382662905 ; 200
68 ; -116.48567969749315 ; -233.59575705170116 ; 200
69 ; -95.92353698106484 ; -230.44406655877742 ; 200
70 ; -98.1876454206046 ; -229.66257372938722 ; 200
71 ; -102.76650852337907 ; -229.40968939397226 ; 200
72 ; -111.32598872561118 ; -237.2422658933312 ; 200
73 ; -105.46366490221718 ; -227.64994811964416 ; 200
74 ; -67.94934428377778 ; -224.14209489337793 ; 200
75 ; -98.11012156594788 ; -228.97351508164064 ; 200
76 ; -93.23711017884777 ; -224.3112284051392 ; 200
77 ; -105.00442600650258 ; -226.12962423753277 ; 200
78 ; -91.82859326707978 ; -229.32963943463278 ; 200
79 ; -79.98105759965526 ; -228.24995248751802 ; 200
80 ; -105.8563865771504 ; -227.61550126498622 ; 200
81 ; -100.66664785897648 ; -231.3808117158832 ; 200
82 ; -99.63357964025337 ; -228.11419658125385 ; 200
83 ; -126.12561243970504 ; -234.84106346621644 ; 200
84 ; -95.53273318103768 ; -233.73778050165066 ; 200
85 ; -98.07126303405971 ; -223.9036370324908 ; 200
86 ; -106.4 ; -223.3965854863831 ; 200
87 ; -91.7945101686373 ; -229.5791655357746 ; 200
88 ; -122.14353704906848 ; -231.79703818586867 ; 200
89 ; -93.325 ; -224.7653150570973 ; 200
90 ; -123.41911190233623 ; -230.36053463043135 ; 200
91 ; -116.7618670737323 ; -232.1038315066398 ; 200
92 ; -79.71605126492193 ; -228.89787713811464 ; 200
93 ; -97.39421712087116 ; -226.68041064177385 ; 200
94 ; -126.14794368142161 ; -226.52068142210908 ; 200
95 ; -116.76215092527755 ; -227.40005683232366 ; 200
96 ; -108.32689583917173 ; -232.4413427504113 ; 200
97 ; -116.0749770661414 ; -239.03560767829435 ; 200
98 ; -120.94457882139491 ; -230.1986274953002 ; 200
99 ; -91.56831045121771 ; -231.34420592886553 ; 200
100 ; -115.17566167429604 ; -224.1476814223896 ; 200
101 ; -64.17187738690491 ; -227.6634689126447 ; 200
102 ; -106.19469238424078 ; -230.42863747689938 ; 200
103 ; -123.28212365081444 ; -227.86588372998165 ; 200
104 ; -90.75576252757101 ; -221.2432330199219 ; 200
105 ; -115.95897471550276 ; -235.40976829703905 ; 200
106 ; -114.5104617978049 ; -232.9479557619449 ; 200
107 ; -117.82602212546203 ; -232.56644366645273 ; 200
108 ; -86.29415297907724 ; -225.18623507767333 ; 200
109 ; -104.38428757664181 ; -230.1929306463413 ; 200
110 ; -93.23624347168962 ; -225.06330236580484 ; 200
111 ; -130.42885881871362 ; -236.07199614597175 ; 200
112 ; -126.22538816501765 ; -227.47097958529173 ; 200
113 ; -101.6916086489687 ; -229.2478390301132 ; 200
114 ; -97.63204303288887 ; -230.97253265864774 ; 200
115 ; -116.54860188855125 ; -234.10088741474246 ; 200
116 ; -98.62315984821768 ; -222.80703028897057 ; 200
117 ; -97.99576332160848 ; -225.02843928529285 ; 200
118 ; -105.52158796155614 ; -226.86575995257317 ; 200
119 ; -95.25798207135678 ; -220.2026543350652 ; 200
120 ; -112.60251010975271 ; -226.16682146579976 ; 200
121 ; -94.39405546665027 ; -231.19413307987216 ; 200
122 ; -111.3712677367575 ; -228.48770502776887 ; 200
123 ; -120.88536179106947 ; -224.74997175502605 ; 200
124 ; -115.73661958440621 ; -232.467295777965 ; 200
125 ; -87.70943578920834 ; -232.34680137239138 ; 200
126 ; -110.25222784212936 ; -219.4787330523779 ; 200
127 ; -94.62562148613429 ; -224.72498924893821 ; 200
128 ; -76.25539293936296 ; -217.91826508869823 ; 200
129 ; -102.8734699914756 ; -229.07878491777151 ; 200
130 ; -120.73010920934357 ; -226.87773695523504 ; 200
131 ; -96.68234194372806 ; -227.75159187081192 ; 200
132 ; -111.179492272565 ; -224.29573112230585 ; 200
133 ; -77.06106009559639 ; -229.80576140255184 ; 200
134 ; -123.61614232792756 ; -230.4761809841332 ; 200
135 ; -87.98400904679254 ; -227.02937145124508 ; 200
136 ; -72.9318998494715 ; -232.40268840644225 ; 200
137 ; -96.63993471987112 ; -234.63431413318256 ; 200
138 ; -119.96850777182938 ; -233.33736354304546 ; 200
139 ; -110.01264438345439 ; -228.4186563415443 ; 200
140 ; -112.55451683580755 ; -224.22699175702294 ; 200
141 ; -113.66965573749174 ; -225.9359882330657 ; 200
142 ; -92.38422113842594 ; -225.13970301139895 ; 200
143 ; -129.8750916226217 ; -229.84269131037013 ; 200
144 ; -72.63531671237935 ; -231.53026230441628 ; 200
145 ; -109.20018492111176 ; -226.87731193962995 ; 200
146 ; -99.73976105358622 ; -231.4172772476936 ; 200
147 ; -92.85799380816682 ; -225.23495156569396 ; 200
148 ; -124.6861943851809 ; -222.26593558775158 ; 200
149 ; -121.40564286654725 ; -233.6693126037262 ; 200
150 ; -107.83960328822418 ; -229.7035619122108 ; 200
151 ; -95.40981008335163 ; -224.44663154938107 ; 200
152 ; -93.68106345762794 ; -217.8563544117237 ; 200
153 ; -116.72127061391018 ; -225.05866552983977 ; 200
154 ; -131.6141514156495 ; -231.40889260206077 ; 200
155 ; -87.4747710984758 ; -225.4549436064657 ; 200
156 ; -126.5991017827345 ; -226.50663971111533 ; 200
157 ; -102.14558839931082 ; -229.43116958954522 ; 200
158 ; -92.71671711628463 ; -222.77887982648684 ; 200
159 ; -97.9284163739396 ; -227.6439137662663 ; 200
160 ; -93.82926864608763 ; -225.88947618585786 ; 200
161 ; -92.84826486572274 ; -218.45188017378985 ; 200
162 ; -77.49504528280377 ; -226.14402901756017 ; 200
163 ; -104.9374807146879 ; -219.49461632075804 ; 200
164 ; -117.12410369679358 ; -226.20048365235903 ; 200
165 ; -81.34887014142303 ; -227.86742370787735 ; 200
166 ; -101.81351054932767 ; -220.881258731297 ; 200
167 ; -98.80869568172565 ; -225.09873814814472 ; 200
168 ; -107.78819130585791 ; -232.64100787335425 ; 200
169 ; -80.84229720551554 ; -230.6463776827887 ; 200
170 ; -116.8755367942495 ; -232.82945494173353 ; 200
171 ; -86.7207780963112 ; -227.34493836278696 ; 200
172 ; -111.63476085774457 ; -230.64294387590814 ; 200
173 ; -94.38572295909046 ; -224.00517023871154 ; 200
174 ; -116.6501523549509 ; -226.06166156326412 ; 200
175 ; -109.05591326448989 ; -233.85985836481396 ; 200
176 ; -118.53024269775847 ; -232.4803603741793 ; 200
177 ; -106.44910667813119 ; -234.25405923674364 ; 200
178 ; -119.11828125 ; -229.3988237762078 ; 200
179 ; -122.29032642709244 ; -231.46747904815336 ; 200
180 ; -103.89085464794064 ; -229.41818534119102 ; 200
181 ; -121.84781635828965 ; -225.0682128620743 ; 200
182 ; -88.0200208413037 ; -221.6012700660828 ; 200
183 ; -120.65815468606677 ; -235.83540833122706 ; 200
184 ; -121.63392615912593 ; -235.92083609946047 ; 200
185 ; -135.23150924473816 ; -237.66458727170865 ; 200
186 ; -71.79763080436568 ; -225.7372585500168 ; 200
187 ; -115.8723328512261 ; -229.58845005939085 ; 200
188 ; -106.34853125 ; -234.37829938745793 ; 200
189 ; -115.788632941386 ; -228.89233059592596 ; 200
190 ; -91.04395165099807 ; -224.9496871703922 ; 200
191 ; -123.21200416243182 ; -234.81218951187608 ; 200
192 ; -75.99608176034603 ; -224.3234983661081 ; 200
193 ; -107.8586085990609 ; -228.05523857960577 ; 200
194 ; -97.73829415368675 ; -225.40600404392907 ; 200
195 ; -90.06790386694443 ; -234.6446485302936 ; 200
196 ; -112.95129527145882 ; -230.72796406984943 ; 200
197 ; -107.435667578125 ; -231.25988060146045 ; 200
198 ; -94.03926927614924 ; -230.74502989443783 ; 200
199 ; -127.73469766605194 ; -231.12529045015947 ; 200
200 ; -97.44227880392154 ; -229.12823349537086 ; 200
201 ; -121.94458477472271 ; -230.932321156324 ; 200
202 ; -111.70577383647496 ; -227.26616570141982 ; 200
203 ; -103.72601074911302 ; -225.65403992811756 ; 200
204 ; -116.21076638448999 ; -228.92446296708343 ; 200
205 ; -69.98509292521351 ; -224.05737618751044 ; 200
206 ; -77.89667355006412 ; -230.27445438138523 ; 200
207 ; -120.72668813364461 ; -234.07884898611687 ; 200
208 ; -90.68016624024344 ; -225.4859099569042 ; 200
209 ; -90.27730623618507 ; -229.0142225801936 ; 200
210 ; -109.90433971737097 ; -234.0402847542654 ; 200
211 ; -111.11742601962183 ; -230.21996281130785 ; 200
212 ; -66.76490597484766 ; -230.02370287941824 ; 200
213 ; -73.30302766359878 ; -227.8993198530861 ; 200
214 ; -104.88059925297117 ; -226.56271216597412 ; 200
215 ; -111.67442935639542 ; -230.71673577175764 ; 200
216 ; -93.80684054257219 ; -234.1481435134891 ; 200
217 ; -119.00427943215263 ; -236.31407386353592 ; 200
218 ; -86.20003922475443 ; -233.33117155805508 ; 200
219 ; -99.83950374012332 ; -226.71711199094037 ; 200
220 ; -101.49449603996484 ; -228.55015013664163 ; 200
221 ; -60.7237070332694 ; -232.87718135383864 ; 200
222 ; -110.39459843559584 ; -233.18310618010352 ; 200
223 ; -90.08743204128074 ; -232.99587764195513 ; 200
224 ; -117.94694271121728 ; -229.83010708192978 ; 200
225 ; -104.47921412814954 ; -231.29732320043436 ; 200
226 ; -107.6280543402152 ; -232.81259022176855 ; 200
227 ; -91.49558998973177 ; -232.18485529432093 ; 200
228 ; -110.29836279360146 ; -225.97583003605862 ; 200
229 ; -114.30092124115943 ; -229.08043969979965 ; 200
230 ; -113.35331714414149 ; -229.99055758579362 ; 200
231 ; -116.70750000000001 ; -228.02295805402187 ; 200
232 ; -86.43950258501334 ; -233.11659439604557 ; 200
233 ; -116.52502180206208 ; -230.39009861480025 ; 200
234 ; -69.41600871480327 ; -230.07172075828893 ; 200
235 ; -108.39571510333613 ; -231.62300806844908 ; 200
236 ; -102.13907398211425 ; -226.19012910415563 ; 200
237 ; -79.12080842112105 ; -238.06898676586596 ; 200
238 ; -100.68017738628134 ; -236.9655450535901 ; 200
239 ; -97.67743177819244 ; -240.06463243847065 ; 200
240 ; -91.05533583958129 ; -238.56802549367106 ; 200
241 ; -115.38213168199027 ; -243.1225765632607 ; 200
242 ; -105.33287325097676 ; -238.02024346366176 ; 200
243 ; -124.72811036466547 ; -243.8319673101292 ; 200
244 ; -93.01769861669584 ; -236.27416981506838 ; 200
245 ; -117.54261269523333 ; -237.60910893088055 ; 200
246 ; -94.14099761070115 ; -232.6670181195012 ; 200
247 ; -135.401875 ; -241.95453522390463 ; 200
248 ; -90.78049487495375 ; -238.45921897040955 ; 200
249 ; -122.12520252011458 ; -236.64079017716938 ; 200
250 ; -108.48970639463285 ; -239.75775297752915 ; 200
251 ; -106.41510487315045 ; -247.3128964722651 ; 200
252 ; -87.01457069044383 ; -235.6267081433277 ; 200
253 ; -123.67938529407527 ; -239.95466515434745 ; 200
254 ; -103.23017539044254 ; -233.84708556805106 ; 200
255 ; -109.10468777027286 ; -235.65501811427387 ; 200
256 ; -112.69788486185516 ; -236.3888481858541 ; 200
257 ; -102.67846483213691 ; -237.07559458724126 ; 200
258 ; -117.65058421306367 ; -239.4688053262293 ; 200
259 ; -117.83639787376705 ; -245.825925243087 ; 200
260 ; -132.4349200859323 ; -244.27683394214836 ; 200
261 ; -119.28999466103419 ; -235.25454652227148 ; 200
262 ; -109.11273972414729 ; -244.85123178737268 ; 200
263 ; -109.31354635478097 ; -243.94983960928704 ; 200
264 ; -91.92848263549237 ; -237.2341675261574 ; 200
265 ; -90.97551725624794 ; -238.81483608264782 ; 200
266 ; -122.0795375205685 ; -236.48572586378106 ; 200
267 ; -126.18561367187499 ; -240.9130785244539 ; 200
268 ; -85.59782523215185 ; -236.18650439608493 ; 200
269 ; -114.08962033390594 ; -244.2178497307026 ; 200
270 ; -102.70843452126303 ; -236.13099710060567 ; 200
271 ; -108.49807272555836 ; -238.32654538001324 ; 200
272 ; -80.79303792894744 ; -241.8315073355094 ; 200
273 ; -85.95174650426767 ; -241.1654327791385 ; 200
274 ; -97.61310531979919 ; -237.85579626925377 ; 200
275 ; -127.81480805675119 ; -234.6563947405361 ; 200
276 ; -104.05120359303396 ; -237.51826022534954 ; 200
277 ; -98.69177596563661 ; -239.52947598834606 ; 200
278 ; -121.19672507944578 ; -233.9789769768928 ; 200
279 ; -97.84054966682211 ; -242.71645647499412 ; 200
280 ; -111.12885112634032 ; -233.7056754534576 ; 200
281 ; -106.69240529124716 ; -233.77340869607738 ; 200
282 ; -124.69346963982903 ; -235.35417244353906 ; 200
283 ; -108.26815164640666 ; -234.48685663184497 ; 200
284 ; -109.48344276607114 ; -239.58459148024252 ; 200
285 ; -92.92452365234375 ; -236.50058181909776 ; 200
286 ; -86.16035014307249 ; -231.62051349702472 ; 200
287 ; -114.05043073081875 ; -237.65338892878347 ; 200
288 ; -113.6577394835709 ; -239.8109645060631 ; 200
289 ; -104.81927489538302 ; -230.69654630762466 ; 200
290 ; -106.07499090251281 ; -231.1439693896559 ; 200
291 ; -106.84496161142916 ; -232.86593618864538 ; 200
292 ; -77.40323740896694 ; -232.39604787042725 ; 200
293 ; -98.24174909729344 ; -230.00981142189931 ; 200
294 ; -110.38573005928751 ; -228.8887962917951 ; 200
295 ; -109.14415398062201 ; -237.7455264352612 ; 200
296 ; -96.53997692880311 ; -231.03911035734174 ; 200
297 ; -105.87645140520337 ; -237.82700755958518 ; 200
298 ; -104.6687365959406 ; -231.63190163855268 ; 200
299 ; -119.39340750865578 ; -234.06469804938436 ; 200
300 ; -84.02033707470703 ; -231.68633338096564 ; 200
301 ; -80.91996722857682 ; -232.6601116650776 ; 200
302 ; -101.8509932478479 ; -233.8102934138989 ; 200
303 ; -107.55205232007707 ; -237.1134608837235 ; 200
304 ; -66.91212893387235 ; -231.8503949767696 ; 200
305 ; -90.21190556551014 ; -241.2282692265524 ; 200
306 ; -102.16536775562254 ; -236.27006890188105 ; 200
307 ; -112.17522353430522 ; -236.41768967272287 ; 200
308 ; -110.27257813689384 ; -235.8854061280395 ; 200
309 ; -108.17219188975889 ; -232.8531607852191 ; 200
310 ; -100.65633066595181 ; -234.74235622315808 ; 200
311 ; -95.84903193836995 ; -234.56504571569843 ; 200
312 ; -115.85277176484506 ; -231.30478755773518 ; 200
313 ; -122.26270297965971 ; -231.54577548104444 ; 200
314 ; -93.88947872967891 ; -232.96466452382438 ; 200
315 ; -86.67018480000154 ; -234.4053009745634 ; 200
316 ; -106.82354355060852 ; -234.44467743246733 ; 200
317 ; -89.58866646878975 ; -230.30535028643732 ; 200
318 ; -109.20872904629161 ; -239.9470360263756 ; 200
319 ; -116.74845099184203 ; -233.92831542105213 ; 200
320 ; -68.37185135717385 ; -227.68639163342505 ; 200
321 ; -97.2173714649783 ; -232.64128448674575 ; 200
322 ; -100.59441496071047 ; -231.89977124919227 ; 200
323 ; -104.90217008710542 ; -234.02694674557387 ; 200
324 ; -111.44992578036326 ; -234.56734095384462 ; 200
325 ; -132.23360139268146 ; -238.45189606100234 ; 200
326 ; -108.913125 ; -235.10620477458335 ; 200
327 ; -110.39598890953962 ; -234.32082875340566 ; 200
328 ; -82.86916756334638 ; -231.60888187590143 ; 200
329 ; -97.16043886811372 ; -240.2594247194699 ; 200
330 ; -107.38468011058953 ; -238.07194812221513 ; 200
331 ; -116.88773952761566 ; -232.98382640121923 ; 200
332 ; -112.4934475192177 ; -237.749160095402 ; 200
333 ; -112.64168944245618 ; -241.28944867530265 ; 200
334 ; -92.26381360911634 ; -233.22374460347598 ; 200
335 ; -110.85591296459695 ; -237.45123869654114 ; 200
336 ; -113.82424537303532 ; -228.63571253064276 ; 200
337 ; -103.41274017154103 ; -236.89999400412566 ; 200
338 ; -102.60191773906745 ; -231.8197650857493 ; 200
339 ; -85.40330253361863 ; -224.90132289704502 ; 200
340 ; -117.82990768525364 ; -235.8227471592253 ; 200
341 ; -97.50119755138545 ; -238.6035310991152 ; 200
342 ; -126.6720623878717 ; -241.7054863515742 ; 200
343 ; -108.15804870261397 ; -228.70894278338156 ; 200
344 ; -105.78104273830199 ; -235.56637346728235 ; 200
345 ; -89.51209185049815 ; -239.77843773261017 ; 200
346 ; -116.13116843339178 ; -224.84246248414027 ; 200
347 ; -117.6029056940611 ; -234.9849909780057 ; 200
348 ; -120.25546116613218 ; -233.23034758539922 ; 200
349 ; -124.68000519264183 ; -236.2702977781477 ; 200
350 ; -110.51467218100284 ; -238.81047456122712 ; 200
351 ; -118.04120728480738 ; -232.18486400133554 ; 200
352 ; -83.65492559542756 ; -239.1315233685121 ; 200
353 ; -76.94910004580463 ; -232.74571317473783 ; 200
354 ; -113.49512094662495 ; -244.0736900774186 ; 200
355 ; -108.30844711800924 ; -232.0343764388993 ; 200
356 ; -98.47505255476577 ; -243.35660623363535 ; 200
357 ; -102.7134624996798 ; -229.11220060481185 ; 200
358 ; -107.6379628374978 ; -237.6463313203836 ; 200
359 ; -116.78450591402546 ; -235.43808499906453 ; 200
360 ; -125.91046660479587 ; -239.0368365079164 ; 200
361 ; -96.4730239766994 ; -233.17986611119284 ; 200
362 ; -122.55038985686954 ; -231.69556165981078 ; 200
363 ; -108.89199160437245 ; -238.31796986597513 ; 200
364 ; -92.38148681799936 ; -228.55899797465653 ; 200
365 ; -128.58569483551724 ; -232.3931608600484 ; 200
366 ; -97.24432866494202 ; -233.08286508508485 ; 200
367 ; -107.58409683628841 ; -237.74159807840476 ; 200
368 ; -102.92868639366615 ; -236.56568210233144 ; 200
369 ; -104.70873693117656 ; -232.880647580414 ; 200
370 ; -121.1833421222758 ; -240.8322518674986 ; 200
371 ; -111.31618063978037 ; -229.0150872870241 ; 200
372 ; -102.05872947610206 ; -236.4645558401127 ; 200
373 ; -108.77975705973526 ; -238.9743840283325 ; 200
374 ; -106.56144748501531 ; -241.29477551060467 ; 200
375 ; -101.47064180693329 ; -238.6246370174253 ; 200
376 ; -104.03171763944613 ; -238.80276149645556 ; 200
377 ; -131.67758691493114 ; -231.73005873034327 ; 200
378 ; -127.42622046760562 ; -237.43964977962688 ; 200
379 ; -121.99815572974974 ; -242.55236442313205 ; 200
380 ; -106.52120968866147 ; -234.49776966032016 ; 200
381 ; -93.10489857026053 ; -231.93516395395926 ; 200
382 ; -91.56534487719124 ; -237.0097999274238 ; 200
383 ; -115.30326614236458 ; -237.17824104502048 ; 200
384 ; -120.70581611981315 ; -243.6043817720299 ; 200
385 ; -117.97302023720458 ; -233.45897093766533 ; 200
386 ; -111.57870422970493 ; -228.75835756298488 ; 200
387 ; -91.82510395568596 ; -242.13036654267447 ; 200
388 ; -88.87410291638824 ; -232.20380183576293 ; 200
389 ; -107.0223038573939 ; -242.74794078639113 ; 200
390 ; -73.13485246491962 ; -240.65859418107374 ; 200
391 ; -103.77721900518054 ; -233.9529024235606 ; 200
392 ; -133.76069647532518 ; -247.58876892507126 ; 200
393 ; -119.52678125 ; -249.7468054237586 ; 200
394 ; -106.87358379658924 ; -245.92402961562664 ; 200
395 ; -126.06719750900052 ; -248.67336421844183 ; 200
396 ; -116.89963820160156 ; -247.70557154770685 ; 200
397 ; -136.97212892500127 ; -248.25453983085575 ; 200
398 ; -110.6090074078448 ; -241.66068263041686 ; 200
399 ; -99.98374470955545 ; -239.40414684562305 ; 200
400 ; -111.30580175227206 ; -237.49792662083237 ; 200
401 ; -90.30320628233935 ; -239.1777000056757 ; 200
402 ; -93.85972535635494 ; -235.95812604515618 ; 200
403 ; -130.20890304524505 ; -242.4361704294236 ; 200
404 ; -107.48329239129728 ; -233.56567940388268 ; 200
405 ; -117.26785218398831 ; -236.60040946223464 ; 200
406 ; -103.6866597535483 ; -237.57266676592045 ; 200
407 ; -106.91437221390807 ; -242.35412387178934 ; 200
408 ; -106.67166938721493 ; -237.39966450575096 ; 200
409 ; -100.85788345221744 ; -236.14717667496433 ; 200
410 ; -95.6594703204681 ; -227.44000574592346 ; 200
411 ; -96.95307131880104 ; -241.95278870372584 ; 200
412 ; -102.04077534544395 ; -243.31370656476432 ; 200
413 ; -118.13655794422834 ; -241.26654314830662 ; 200
414 ; -125.08725293895205 ; -241.44894840039552 ; 200
415 ; -106.81314726113712 ; -248.34634755203516 ; 200
416 ; -109.55988894225212 ; -253.99847088194568 ; 200
417 ; -101.64408784544892 ; -249.0881976761426 ; 200
418 ; -144.97412593001002 ; -253.84102832242425 ; 200
419 ; -132.01642326728904 ; -255.24186210958678 ; 200
420 ; -100.90334220810088 ; -252.97406106999293 ; 200
421 ; -95.45483293292578 ; -250.66865706278907 ; 200
422 ; -92.94514551274058 ; -254.96312273661894 ; 200
423 ; -128.98961361394473 ; -250.33347662949961 ; 200
424 ; -120.81950280403248 ; -248.38139218798997 ; 200
425 ; -117.75476104313543 ; -246.1291777546694 ; 200
426 ; -128.2453779265773 ; -250.8627786702508 ; 200
427 ; -127.077957647233 ; -251.53746074335868 ; 200
428 ; -117.88527857627943 ; -252.79511611978214 ; 200
429 ; -115.94185595462446 ; -251.29427487085582 ; 200
430 ; -136.57566100883247 ; -253.31443317874823 ; 200
431 ; -113.33807149930945 ; -250.95307905153638 ; 200
432 ; -99.93410193456626 ; -248.18213771375653 ; 200
433 ; -111.95937840807997 ; -256.6584736284251 ; 200
434 ; -123.23536633614515 ; -256.4056910175012 ; 200
435 ; -100.27949965643307 ; -256.06386800829813 ; 200
436 ; -112.40641692954459 ; -254.9855955273416 ; 200
437 ; -93.684375 ; -252.89515797792382 ; 200
438 ; -110.45425571217486 ; -268.6322237137788 ; 200
439 ; -113.44100314121893 ; -257.19220646168736 ; 200
440 ; -105.07658903348688 ; -265.1214449495087 ; 200
441 ; -121.45458345325433 ; -260.6710077077348 ; 200
442 ; -123.60364558552058 ; -261.74137853138313 ; 200
443 ; -97.06125944312234 ; -250.91605500748122 ; 200
444 ; -118.4073532204944 ; -252.92222440005102 ; 200
445 ; -135.50817842402776 ; -262.14148503678877 ; 200
446 ; -99.20778835272577 ; -254.4870439684641 ; 200
447 ; -109.78659129537655 ; -260.07163406880034 ; 200
448 ; -88.54193180721849 ; -257.2290388354727 ; 200
449 ; -141.8161761660478 ; -251.14757612562664 ; 200
450 ; -85.62334022803525 ; -256.5726923132749 ; 200
451 ; -117.50651974970344 ; -262.26093514643674 ; 200
452 ; -131.52875673192125 ; -250.47126062147018 ; 200
453 ; -129.797361060936 ; -251.90058970333948 ; 200
454 ; -131.97124332875924 ; -262.7091279751141 ; 200
455 ; -125.83479876284339 ; -260.0855500464165 ; 200
456 ; -110.8023012299594 ; -263.05953520427863 ; 200
457 ; -113.78654833036589 ; -257.51538937681624 ; 200
458 ; -141.15320616813506 ; -261.19223310449553 ; 200
459 ; -118.60483843946542 ; -265.51029602460034 ; 200
460 ; -137.96816945007427 ; -262.04343805383195 ; 200
461 ; -124.67279394178419 ; -259.19509175126746 ; 200
462 ; -113.36316896807628 ; -262.46059446551686 ; 200
463 ; -140.43365662813687 ; -255.2814210434383 ; 200
464 ; -140.89024812214097 ; -263.5269765325226 ; 200
465 ; -122.08377639321125 ; -253.18124390277947 ; 200
466 ; -118.65351135824751 ; -252.4173620086481 ; 200
467 ; -113.97003277521972 ; -258.6594876008523 ; 200
468 ; -105.29019606071463 ; -258.3717836219522 ; 200
469 ; -114.96235608000555 ; -255.23394706611867 ; 200
470 ; -108.43159927370911 ; -258.82225590256496 ; 200
471 ; -99.3616952582104 ; -258.1178803858667 ; 200
472 ; -129.4970424115358 ; -255.1160641685528 ; 200
473 ; -126.59281161474605 ; -255.37056604417774 ; 200
474 ; -97.33924757234107 ; -252.69266439857304 ; 200
475 ; -104.13773138782263 ; -251.2080766757611 ; 200
476 ; -95.27093452849124 ; -249.10665284704126 ; 200
477 ; -112.14295494324672 ; -256.0731349850158 ; 200
478 ; -100.42115825738115 ; -255.16179231756908 ; 200
479 ; -108.80065805385843 ; -253.39096957054255 ; 200
480 ; -125.99065960531621 ; -253.4959000319802 ; 200
481 ; -67.81259821135693 ; -255.20223083272623 ; 200
482 ; -121.8875993190762 ; -252.7705137490944 ; 200
483 ; -124.98632120525596 ; -243.7434201982299 ; 200
484 ; -82.17565261893026 ; -255.59031941097248 ; 200
485 ; -112.63601417246193 ; -253.05608255216023 ; 200
486 ; -104.59390199450263 ; -246.84785259649007 ; 200
487 ; -99.56626265307575 ; -251.66627413892797 ; 200
488 ; -128.00183772941648 ; -256.19525589627915 ; 200
489 ; -100.35039586155956 ; -249.70799212972372 ; 200
490 ; -121.61079256692949 ; -262.8746043256325 ; 200
491 ; -113.45728892440157 ; -252.931088313058 ; 200
492 ; -102.82854337933811 ; -246.97442289631505 ; 200
493 ; -139.19420043331155 ; -253.74134021626716 ; 200
494 ; -98.23333332903778 ; -250.1100666944681 ; 200
495 ; -136.18528458357312 ; -250.3404132066767 ; 200
496 ; -131.64349146877058 ; -254.22968693544252 ; 200
1 ; -64.82702316905323 ; -191.501562744483 ; 200
2 ; -88.75 ; -202.5277618086884 ; 200
3 ; -63.00995550534625 ; -187.1054159257203 ; 200
4 ; -70.92436514784612 ; -202.1886350058342 ; 200
5 ; -78.18854823367717 ; -203.15548056670445 ; 200
6 ; -51.32196590467172 ; -192.13567231948295 ; 200
7 ; -68.0896573769201 ; -171.49728311361312 ; 200
8 ; -83.7959913202055 ; -173.24658577995845 ; 200
9 ; -71.4942156585659 ; -172.93525149272395 ; 200
10 ; -67.80271590579193 ; -162.96201927277374 ; 200
11 ; -43.22560026868244 ; -164.93713559019787 ; 200
12 ; -67.97478792615232 ; -161.81594286644977 ; 200
13 ; -46.25306885687557 ; -163.8205889946532 ; 200
14 ; -71.36581900465617 ; -169.71146553290106 ; 200
15 ; -54.78165651220074 ; -177.87829654252374 ; 200
16 ; -52.59533870634973 ; -183.2721508714146 ; 200
17 ; -70.72031039345407 ; -168.5421393667536 ; 200
18 ; -61.32944264880763 ; -168.3872037952591 ; 200
19 ; -72.96972757530595 ; -174.39061737519725 ; 200
20 ; -61.676672602423764 ; -171.1696636747077 ; 200
21 ; -73.7732536748456 ; -169.21562694727854 ; 200
22 ; -56.08167253190593 ; -170.18966170896138 ; 200
23 ; -65.63439294276736 ; -174.21243879243892 ; 200
24 ; -73.29432096295257 ; -173.2889720033645 ; 200
25 ; -56.40327161952437 ; -178.0774411793668 ; 200
26 ; -66.85511834417292 ; -173.99662552003417 ; 200
27 ; -67.83209421095201 ; -176.5682945465751 ; 200
28 ; -72.76927023157968 ; -172.11106856730908 ; 200
29 ; -64.33480768467084 ; -172.37870098290298 ; 200
30 ; -73.31147221945452 ; -172.0325005252681 ; 200
31 ; -40.59375 ; -176.06247377075283 ; 200
32 ; -68.38300581591281 ; -181.30228562936765 ; 200
33 ; -88.49961682592998 ; -176.5445308239565 ; 200
34 ; -62.62500392905664 ; -182.57910315807166 ; 200
35 ; -71.6351098998692 ; -182.30888699562206 ; 200
36 ; -73.10501805291798 ; -180.17811803691 ; 200
37 ; -51.168075741800976 ; -169.82146843339643 ; 200
38 ; -61.59984243776851 ; -177.1325331838406 ; 200
39 ; -73.4059484710569 ; -180.07092284481652 ; 200
40 ; -71.81820440103827 ; -183.56355576356 ; 200
41 ; -76.80271950458679 ; -174.2413868196567 ; 200
42 ; -60.03098607957886 ; -176.19347600368604 ; 200
43 ; -56.73251172935586 ; -173.0783809240206 ; 200
44 ; -73.03155916986682 ; -174.11566842302457 ; 200
45 ; -82.64599433300285 ; -180.82557900843076 ; 200
46 ; -75.77488597069967 ; -180.82787261989975 ; 200
47 ; -71.91872265076947 ; -175.37220530767934 ; 200
48 ; -57.66993211732036 ; -172.47130948640174 ; 200
49 ; -79.77598775327888 ; -176.34754432520475 ; 200
50 ; -81.61822356096687 ; -179.9536966958993 ; 200
51 ; -72.87861843260937 ; -187.4231097458737 ; 200
1 ; -86.17171529077334 ; -202.60489924222452 ; 200
1 ; -50.10146639880209 ; -181.96806540781515 ; 200
